$ 1 0.000005 19.867427341514983 82 5 43
v -16 384 -16 112 0 0 40 0 12 0 0.5
t 144 176 224 176 0 -1 -0.5356329966414961 -0.6040863123388007 100
r 144 176 144 256 0 100000
r 144 256 144 336 0 100000
c 144 336 144 384 0 3.3e-7 0.14963136882712366
w 144 384 96 384 0
r 272 112 272 256 0 10000
w 144 256 272 256 0
f 224 336 368 336 32 1.5 0.02
s 144 336 224 336 0 1 true
r 224 272 224 336 0 10000
r 256 272 256 384 0 10000
w 256 272 224 272 0
w 144 384 256 384 0
w 272 112 368 112 0
w 272 256 368 256 0
w 368 384 368 352 0
178 496 208 640 208 0 1 0.2 0.029626766738669038 0.05 1000000 0.03 400
d 368 256 368 112 2 default
w 368 112 448 112 0
w 368 256 496 256 0
w 224 272 224 192 0
w 448 112 448 240 0
w 448 240 496 240 0
w 224 160 224 112 0
w 48 112 224 112 0
w 224 112 272 112 0
w 256 384 368 384 0
w 368 320 368 256 0
p 416 208 416 128 1 0
w 416 208 368 256 0
w 416 128 368 112 0
s 48 112 -16 112 0 0 false
w 96 384 -16 384 0
p 96 336 96 384 1 0
w 144 336 96 336 0
o 0 64 0 4099 20 0.05 0 2 0 3
o 18 64 0 4099 20 0.00009765625 1 2 18 3
o 29 64 0 4098 20 0.1 2 1
o 4 64 0 4099 1.25 0.00009765625 3 2 4 3
